#define M 22
#define K 13
#define N 13
#define P 13

typedef float data_t;

static int S_cptr [23] = { 
0, 3, 6, 7, 11, 14, 20, 24, 26, 30,
32, 36, 42, 48, 55, 62, 64, 67, 70, 73,
76, 81, 86 };

static int S_ind [86] = { 
1, 6, 12, 2, 8, 11, 9, 3, 6, 11,
12, 1, 3, 10, 1, 3, 4, 7, 9, 12,
1, 8, 9, 11, 3, 5, 0, 3, 9, 10,
4, 5, 5, 6, 9, 10, 0, 4, 6, 8,
9, 12, 0, 1, 4, 7, 8, 11, 1, 2,
6, 8, 9, 11, 12, 0, 1, 8, 9, 10,
11, 12, 1, 12, 3, 4, 10, 6, 8, 12,
5, 7, 8, 0, 7, 8, 0, 1, 3, 4,
5, 0, 2, 3, 5, 6 };

static data_t S_data [86] = { 
0.8471182575232601, 0.22377622046202372, 0.12308015078110601, 0.9800561758471669, 0.16259449412447424, 0.8941042800089074, 0.6705847671817016, 0.716395437985326, 0.780451563936992, 0.3574780716284769,
0.3139926006362993, 0.346432068170782, 0.08075776611436825, 0.8975398082759839, 0.6528361538962667, 0.8976482027007134, 0.8530500810987948, 0.3177351693195437, 0.42009002174489196, 0.2594559557043278,
0.22159084873435342, 0.06198352595882972, 0.6118561284676479, 0.5948893851361843, 0.9383462521840378, 0.8134799574627438, 0.8748283395885676, 0.7075577407782578, 0.3556461177030753, 0.5149845601338316,
0.05172774763795773, 0.27937840686176996, 0.18806709164093227, 0.9339784690684201, 0.5539532051708731, 0.29509538037914584, 0.8449655543583962, 0.09336388963384468, 0.5822922799378312, 0.7309729824228512,
0.6615896090367922, 0.7240668346551609, 0.27140108109435623, 0.9710564760345708, 0.5698151463375574, 0.820072407666541, 0.5375937541499178, 0.6913518084001743, 0.5968498291862766, 0.32313182633089843,
0.9983121824888201, 0.09740293681370615, 0.8673086748148433, 0.1734221930364619, 0.5876456716012868, 0.5828469868675222, 0.7265749547818909, 0.5593526359348356, 0.7572765385630016, 0.27057643614008964,
0.8263123641118779, 0.32722385825201916, 0.27352213611415455, 0.02778957546183025, 0.7873823435432241, 0.16833317051595065, 0.14640214494118642, 0.6548726664833866, 0.018453961937509145, 0.7405557917120639,
0.562021667538838, 0.8145814005075266, 0.5047006229320363, 0.5358752290923771, 0.4482067962468117, 0.6740711579503128, 0.1500693254514368, 0.16641579584753585, 0.028248469815121857, 0.7993078763854651,
0.2742062679268997, 0.49639843610286405, 0.9223674270570047, 0.9471344241043114, 0.679730688382528, 0.49539879285006316 };

static data_t A [M][K] = {
{ 0.7447496483398948, 0.04244598727163129, 0.5900319601193323, 0.6400050691207209, 0.8933798868625603, 0.16615120858081356, 0.37341138254223993, 0.8375550191159263, 0.7147277065010682, 0.6741999510392844, 0.25390273342605896, 0.4055529013187281, 0.3432842885578047 },
{ 0.45420545154695313, 0.8892660187458092, 0.9823593621327026, 0.3270964015731237, 0.2309264839604811, 0.29461347018204254, 0.29151695952816314, 0.991471637797955, 0.48855105418804956, 0.6810374810014704, 0.29002811960933017, 0.46699705527351076, 0.8918568665007277 },
{ 0.33119508955661825, 0.5550694570030514, 0.3838562871731491, 0.5363294204870211, 0.7187010404117765, 0.9608554045350213, 0.7522116180440136, 0.3473182413175019, 0.8356780847714441, 0.39810133903499334, 0.07090715884042598, 0.49351326367848625, 0.5379405439495095 },
{ 0.21834565339817003, 0.3814947179680811, 0.5075440034552047, 0.797508325516134, 0.4192516572414562, 0.6406180019750524, 0.021789245393627366, 0.10598662884432286, 0.3252955104048795, 0.11431904409207594, 0.9507477863661856, 0.9978684736962347, 0.3029469217109554 },
{ 0.9345358982631754, 0.3394874222737284, 0.5793163612287917, 0.49644006117210526, 0.8661129584100365, 0.39790368888684435, 0.2344773384962917, 0.4664341760636481, 0.11278125120642579, 0.3716247304832597, 0.39071301229911715, 0.47524286206375943, 0.48747994777275083 },
{ 0.7669978438697876, 0.6198336309851645, 0.5355150015698176, 0.6251439813449715, 0.9872633516359837, 0.2627128682751074, 0.5440917700770289, 0.4523465034294736, 0.9412169254025005, 0.8057904670573202, 0.7336973337638893, 0.8503837732613537, 0.04676695261692254 },
{ 0.05272402458217329, 0.11411095191945264, 0.5476280598009182, 0.9262922766671202, 0.41417151938258767, 0.8835482605057237, 0.3931533656348146, 0.6665791202587373, 0.8072281119522027, 0.2909074545578144, 0.44281707163546535, 0.8482417462973261, 0.17187570555871812 },
{ 0.4108673507265441, 0.8621713351997246, 0.7993924432121092, 0.047998742702391795, 0.9684577343331695, 0.19857221475631803, 0.04211284347596067, 0.26199613407278377, 0.2914715314314169, 0.8490482936186097, 0.5921336028888216, 0.025617120197162446, 0.9449688258073009 },
{ 0.6996967770366938, 0.18478868191826503, 0.8992203837109698, 0.3831000897809541, 0.7799078633488112, 0.8160463238988709, 0.18118285330097528, 0.869208339078803, 0.6225611007912223, 0.31897972131982266, 0.5052766580972281, 0.12758894996676273, 0.4418914679571786 },
{ 0.01004294152355234, 0.049211008907542264, 0.7424016939929986, 0.013562478689277624, 0.5742363662048348, 0.1053284503196138, 0.3505116821501697, 0.1815463249925603, 0.1069740352071743, 0.7146625273300151, 0.1373157023965036, 0.27122533446723474, 0.6286034410518827 },
{ 0.9489089112097753, 0.9569765490896517, 0.6188918949740785, 0.6829827191770184, 0.11365382008196767, 0.5253899395699135, 0.5387594999476404, 0.8494196819624559, 0.5004638024242322, 0.8179672749522207, 0.8208528425648752, 0.16283371059045115, 0.4392829220302018 },
{ 0.2818630175729715, 0.5634169459960073, 0.6047106403455225, 0.6793023424017998, 0.9259250558219176, 0.9970922354272828, 0.02006582287056624, 0.1966222942728464, 0.44874783326808965, 0.5416200903639512, 0.716154401521949, 0.3276613820731147, 0.8793595621726656 },
{ 0.030318293836718024, 0.8604066415964455, 0.8989581843526219, 0.8705356946347582, 0.980009003317716, 0.28445246801644875, 0.6023715939558127, 0.446051837668446, 0.386070800936996, 0.6633205437712067, 0.6526949725090385, 0.5936408649278272, 0.08060362491192774 },
{ 0.003975188623758452, 0.26738518156038105, 0.809699784271698, 0.2216851176223431, 0.4031260811762043, 0.26073299490402846, 0.04448481895795131, 0.894096885357785, 0.5726373788495334, 0.17147988096724454, 0.8446733168444593, 0.7997137212997893, 0.20948677826460493 },
{ 0.2809929935222678, 0.3169903776855373, 0.36744114966791075, 0.7113841970893668, 0.1687485166762943, 0.4805841666370707, 0.5931646162727666, 0.9731044288060965, 0.230811755539316, 0.5206620096263873, 0.3868074857946161, 0.16228411060229397, 0.39050683962829547 },
{ 0.9737337639514219, 0.642469106362193, 0.2959973448140869, 0.6114654174784816, 0.00658409327699927, 0.775006178683874, 0.181624130245568, 0.5597821870647662, 0.93401190394543, 0.7806225464865744, 0.9654625824227067, 0.4158769981294559, 0.8244698465216634 },
{ 0.808239501467709, 0.45849995686847633, 0.6343415636224313, 0.8690724285621482, 0.28873524916457805, 0.35428340308131123, 0.08313287407514214, 0.5330395492926703, 0.14086232681785116, 0.861374828367724, 0.9585053352265819, 0.5338187429440633, 0.598196474824103 },
{ 0.17245309215394977, 0.020844850362312983, 0.12596921355002177, 0.12446948208051711, 0.02906864800862008, 0.3842617662688297, 0.4834312481328171, 0.1037473362001079, 0.1155974582312439, 0.2572386284407475, 0.8387626642306653, 0.7368445998934801, 0.4435509227043154 },
{ 0.03942265114735821, 0.6072126680389549, 0.6897367127025364, 0.5356400494546498, 0.748884405551457, 0.11433816966360189, 0.8135226467241163, 0.16880332466694759, 0.648159565200161, 0.3634456636433191, 0.45580255512380097, 0.5142470538835383, 0.9378833864724635 },
{ 0.9000218708206433, 0.6981185765079264, 0.34702713027391663, 0.6165974042091343, 0.8131899319781388, 0.6267043328772064, 0.995618762727566, 0.7840717836513027, 0.995306400677344, 0.5852959138327086, 0.52103842511015, 0.7881890986627488, 0.7846210974671762 },
{ 0.10667683315009158, 0.05362140731768994, 0.7137377616534023, 0.5673860501774628, 0.22659560539341883, 0.5371624714132238, 0.06109947495787693, 0.48458570839026505, 0.19127868437842976, 0.2975578794301649, 0.48153246297884655, 0.6472350548810244, 0.7184072778797478 },
{ 0.5761358924194218, 0.7089606716458194, 0.9331122675952228, 0.7721978940487841, 0.017661875425835638, 0.9483342812212449, 0.512191533914188, 0.46330011609582433, 0.4187498673934903, 0.6887060401497574, 0.8065720394100832, 0.3598616095692496, 0.02215059057784885 }};

static data_t B [M][N] = {
{ 0.8412784084774491, 0.1359762749949377, 0.4598305674193076, 0.6417957574667537, 0.8304029580978933, 0.5261027902232923, 0.2690576135580225, 0.1522898908067677, 0.9627989372445565, 0.4899713483693081, 0.6454250346347232, 0.6710979932198814, 0.05996490460851722 },
{ 0.28429887420847655, 0.24965021639397922, 0.2614154272810777, 0.49463078659521387, 0.9507350982371799, 0.09763951724316389, 0.40849052106407313, 0.3512199867391572, 0.3507702384110427, 0.41831764744055944, 0.6348413175877966, 0.4295229316041983, 0.8280172118576203 },
{ 0.680003446746794, 0.33411174009177447, 0.8074343855473565, 0.4975026044542733, 0.5093978781004364, 0.9619015316940424, 0.819241699919337, 0.7201506505796055, 0.745753634882921, 0.7084740198391081, 0.13459960423117934, 0.8481083078881914, 0.8595369949936781 },
{ 0.41693367392052294, 0.6194081612586549, 0.9596797711846429, 0.6604212681940859, 0.925796155746411, 0.8544078365724462, 0.11045977862182799, 0.40450503661648096, 0.880122673822168, 0.1847909148222735, 0.3512695408555876, 0.25948443855745684, 0.19843610357949304 },
{ 0.2148754296740416, 0.6600462864489246, 0.5370757926540666, 0.35525445339896544, 0.5349464639284786, 0.3459436516208383, 0.6151978812773093, 0.7990932188268496, 0.7211395848750316, 0.5181404361191861, 0.783336992874607, 0.9658990538341333, 0.2131164076032449 },
{ 0.24567781099479846, 0.10246338693687507, 0.7398391331863818, 0.5398352958689928, 0.010690011822816259, 0.898375753627943, 0.9620177422187485, 0.8676346128732217, 0.9080516950315458, 0.8111071973791121, 0.6090345632055104, 0.8103527682859616, 0.25995237187876497 },
{ 0.47836373810191457, 0.6111026768110616, 0.7251066083906721, 0.025817476119137428, 0.15817639260449812, 0.062160780705563745, 0.9544956497281245, 0.6702249659188626, 0.4430729596721351, 0.2099379751601459, 0.19365831652501664, 0.45732357668276424, 0.37666453158640845 },
{ 0.020928218869034954, 0.24937200414725846, 0.7292608712254165, 0.7626023364504168, 0.39271845870133226, 0.6247463741327017, 0.02225593079641308, 0.44190340709660714, 0.3227242995007902, 0.49117987309573785, 0.7006462443698861, 0.27056883787164276, 0.26534224030366105 },
{ 0.6089150348345577, 0.11192899159802439, 0.13321426128805625, 0.29955722966792075, 0.1371977120435124, 0.18324522329309467, 0.7072274789116592, 0.02553843297324465, 0.6466804489175216, 0.12671833227165274, 0.29485153418355303, 0.3103865441035776, 0.4217108382571212 },
{ 0.14784363346537233, 0.5280705849795331, 0.6162487691397995, 0.5647161399225095, 0.8331933806098099, 0.10093623277827646, 0.03841937250182148, 0.503117770791945, 0.09039197366162988, 0.7381362847783972, 0.649249733391296, 0.35250632318165187, 0.9988786511208687 },
{ 0.9147035448267582, 0.1408347983949343, 0.07737489026254563, 0.0995234295300893, 0.3803604941908154, 0.9272868464480726, 0.5075894077446356, 0.8617108691664146, 0.0204805709047422, 0.5602868487961842, 0.24618551978219327, 0.3004696387848942, 0.8795941394859366 },
{ 0.27914105038580905, 0.57432638597597, 0.6228534831796382, 0.8376511493064757, 0.9250977719282164, 0.8667782593563477, 0.6064118670465264, 0.10720649472057997, 0.47223061029691704, 0.3291711920623781, 0.5685002950618357, 0.03996967706042276, 0.6070283774988361 },
{ 0.5385848508140496, 0.037727169163921714, 0.6131207992683145, 0.6725231020945751, 0.48336214939841904, 0.13572818898061323, 0.20339723278988786, 0.769434740590881, 0.8727482588306855, 0.8130911025715268, 0.323043483424872, 0.9914062509465555, 0.19615468851043139 },
{ 0.17873257365273354, 0.11766998337523771, 0.628029698025395, 0.8735893168538431, 0.2507866676810293, 0.8803898112827298, 0.11174247657936687, 0.27805332891331713, 0.784545017705032, 0.4590659699780826, 0.7226190456392081, 0.7241498442410068, 0.1650791341080985 },
{ 0.059024684726639354, 0.6605893327992165, 0.37980659667967365, 0.4939466765513887, 0.22423190960274197, 0.6098563815200755, 0.5207553965405546, 0.8951276195377653, 0.08165472075740754, 0.6656381298639785, 0.4757153002027834, 0.073607225091331, 0.6369576408931467 },
{ 0.9046543832152969, 0.3859583462830941, 0.678609611822338, 0.9120643894837618, 0.6712581041773448, 0.02474475290190392, 0.41945135530682676, 0.6497380626851654, 0.3532130111824793, 0.6378623486171859, 0.5152567704045619, 0.05192804925138672, 0.07350553371120527 },
{ 0.8461622105199775, 0.12492546838972629, 0.04126874915010592, 0.3702188074549949, 0.6480887402444879, 0.0831562729478389, 0.06975113417929057, 0.5932331925753114, 0.9961047514058148, 0.49928931286662825, 0.2800977888189645, 0.11814820226525169, 0.5709104624132866 },
{ 0.09805320390745376, 0.7030334327776746, 0.9382028123707834, 0.44701091237177804, 0.5032177885190288, 0.9341598888650068, 0.32294526437019233, 0.6500959564178919, 0.6069411537339036, 0.024276956130191207, 0.0348108814089072, 0.8829519501618177, 0.9475822720070224 },
{ 0.305249988037675, 0.9535138934955654, 0.6804429399812941, 0.11763897388975364, 0.8441741458082406, 0.34576746255434043, 0.07336633017771343, 0.7686865246352922, 0.9715004411849297, 0.7048060203212003, 0.18083696659783077, 0.9732990911728711, 0.7958889915138161 },
{ 0.37673608541976544, 0.39319128493335187, 0.5664899649333248, 0.28281335842347566, 0.9357170499262613, 0.5649579071948543, 0.20172936830852306, 0.9179790463578664, 0.42563912654441705, 0.3500416955585046, 0.09636150554113032, 0.6000157270827583, 0.6227515623583812 },
{ 0.8324982900033837, 0.5234816729782755, 0.29228864841425006, 0.045751076101089305, 0.6214292094018649, 0.45938191379505866, 0.8476196427914197, 0.8360360961139219, 0.048349477353350045, 0.08733827663044935, 0.10502910307970281, 0.6699944016414882, 0.6108409262828502 },
{ 0.07969290117447358, 0.713843786572066, 0.26054806750669257, 0.3569651858170655, 0.580693586869638, 0.9468955635201001, 0.7440577514983244, 0.9506615587473982, 0.48941132544416355, 0.33915160263328326, 0.2227994736005905, 0.40457746055351007, 0.3162280346931793 }};

static data_t X [K][N] = {
{ 1.62208516723903, -0.41111170420786336, -0.844683320279661, -1.2432281350372503, -0.4916060992693621, 1.0308254004490753, 1.2336997339531803, 1.0718197361167823, -0.7882010535231492, 0.29773805569845335, -0.23618053786422774, 1.2107274673355874, 0.624682628664108 },
{ -3.5175935322580805, 0.3921200521011353, 0.6169570978102492, 1.5361657199904863, 0.8246205763153225, -2.8374919559719722, -2.526162451196358, -2.17771018934545, 2.5990819603924256, -0.7050643662160292, 0.3737295199372964, -2.5752621732088175, -1.3133330196303168 },
{ 3.740722511001011, 0.12498370441833173, 0.4308797604993646, -3.1300681505554744, -3.4820614657523863, 1.866930986337483, 3.163701208222626, 3.4540704491181096, -1.6279657300735844, 1.7655848104533471, -0.18907422414633623, 2.786348485476045, 2.529792831429935 },
{ 5.4459791622117955, -0.7340168653360415, -0.4367231899106655, -3.545592908532192, -2.748924075457426, 2.3644663552902507, 2.762995100990162, 3.6883351937133173, -3.2728121734553737, 1.703275103007235, -0.902123423875728, 2.0809176662272897, 2.2905953112973636 },
{ -2.4141150083430714, 0.5653156984994001, 1.2277544248734484, 1.3647511954333085, -0.23888010511068497, -2.1785303668210108, -1.2443752920665778, -1.3522409211034851, 2.4530323580842994, -0.11234134320951203, 0.6922978059405863, -1.2760811845594011, -0.9943302303977649 },
{ -3.7166277428963843, 0.025206974919653513, -0.9869771336131747, 2.4011959542236845, 3.0961668278672687, -2.2489301280286598, -1.4726255458088224, -3.198229908785093, 1.438751009440887, -2.364680577684426, -0.42483100519512274, -2.4750081600036733, -1.8230120694179879 },
{ -2.4587690494727585, 0.018058021468706303, -1.591065435136915, 2.2242684112469355, 4.85488457518709, -1.3555780419630956, -2.3388176546113364, -2.468388100676348, 0.6804913833186511, -2.098167670281827, -0.8008992832039364, -0.4067078411865237, -2.0110677231514145 },
{ -2.2454650852275098, 0.6186157552168559, 0.9273085039957828, 2.021386534813569, 0.8426074590280875, -1.3186768385906409, -1.5789813903597643, -1.5273151666386477, 1.7000454140449484, -0.1391194892244153, 1.213045888859793, -1.2348837702301, -1.011983860636663 },
{ 5.567868780556946, -0.4711948543417461, 0.8982974036202825, -3.668257047622827, -4.9701695720237655, 4.494603019356396, 3.8014876119733283, 4.389157491068526, -2.6423641921643735, 3.0345828393494876, -7.648489915129675e-05, 3.074554006505115, 3.282617542393683 },
{ -4.126534679923218, -0.438290871660616, -1.5356239998811492, 4.011869225796361, 5.383330227574243, -1.9951821841067368, -2.6325118752561707, -3.6005778823428045, 1.0815463716579288, -2.408242234625006, 0.07837707335637425, -2.4509763937573603, -3.425307378442458 },
{ -0.39014580618075945, 0.6055658443385343, 1.078485470974601, 1.235701051363331, 0.7346542110577802, 0.8627159909935123, -1.590414973712241, -0.5693941392771373, 0.9525084111977851, -0.02822854425899249, 0.4821225538436029, -0.3434477429611517, -0.4717327228267639 },
{ -1.3419795046898777, -0.17075108797307678, -0.34111502436293584, 0.8274669820543954, 1.2731572422656336, -0.8066667128190415, 0.30948815680035824, -0.7027736828002544, 0.8568524746076803, -0.7184426262039768, 0.006396978972386225, 0.18425892659577836, -0.2925058476586509 },
{ 3.7182389788832855, 0.45921737801846396, 0.6744050043900134, -2.523796943655414, -2.4241706519143964, 3.033945728663469, 2.5376708052619192, 3.362381374958037, -2.387612010446512, 1.9493004482516807, 0.19020949344214622, 2.2901014047503767, 3.003776182656268 }};

static data_t SA [P][K] = {
{ 1.8065847504827406, 1.790076816304972, 2.5120321843990543, 2.3589107042243693, 2.3075310647642553, 2.800915376615875, 1.4816150009696458, 2.3376446392635235, 1.933050412715475, 1.9203675094751111, 2.201603775772756, 1.3423184701109119, 1.9183547893609991 },
{ 1.9871175991980836, 1.9935643291388638, 2.994394476534856, 3.0837145378045245, 3.147513795455793, 1.7282829271004674, 1.9421883215091926, 3.221683830344068, 2.6095465711192287, 2.678186692040866, 2.690750946511467, 2.6444555913053183, 1.3603986974092355 },
{ 0.9778403485781407, 1.611853546284838, 2.0850794912480195, 1.1044565500994272, 0.37287453221775546, 1.247701530727733, 0.7725062446404573, 1.6879419973221372, 1.0500860776948255, 1.3581056146063895, 1.301140458044192, 1.0480209303437062, 0.9621926584776418 },
{ 2.9860839137933364, 2.8308843203780176, 3.6808619255908424, 2.920382243026673, 2.9675632132242367, 2.6829533053546566, 1.2429598981600676, 2.2527049473748226, 2.3139572617527207, 3.1965575289669244, 3.8166502140463137, 2.410347888851156, 2.0100323755004417 },
{ 0.919719873147233, 1.1942110024173276, 1.741198951003387, 1.6932572697800694, 1.7464843464499813, 0.9737292139982056, 0.8902139015032547, 1.1448511300993054, 1.2469268946422443, 1.535723669760685, 1.6180029762774928, 1.7155065985537847, 0.8753652931819055 },
{ 0.9585217623434243, 1.7329557183058697, 2.191717321275386, 1.1527903836751046, 1.464653257505665, 1.1459353284986369, 1.0556297991382722, 0.966263487663552, 1.0624799257815614, 1.7981689788792357, 1.610889166265803, 0.8383400532800591, 1.76610508920671 },
{ 1.7897729406343057, 2.1609082499895105, 2.8113883198365457, 2.4844467193054562, 1.602663631501287, 2.59019312433666, 1.230174700049333, 2.3680210909364083, 1.9973619355980625, 2.0002685557843884, 3.7746052708799915, 2.671597324665956, 1.7461552889426106 },
{ 0.7040742636686281, 1.7100643259513848, 1.6247493680160252, 1.6252181005878952, 2.091871193125123, 0.6907756256056852, 1.7757889268945277, 0.9984515481145174, 1.5897455499179705, 1.358388529965935, 1.3731998310978606, 1.5291931216820147, 1.196615185185374 },
{ 1.0867717332495594, 2.006834943932995, 1.9877240587402685, 2.1829179019773006, 2.3271944333286547, 1.765888512569349, 1.837012509742087, 1.8330710777539405, 1.8500911811497214, 1.7719167791965977, 1.8443533490094324, 1.6602599622891747, 2.0910462758756374 },
{ 1.753772376262429, 2.14297179581325, 2.860668144398159, 2.8840205795834812, 2.580439372288984, 3.126304582928673, 1.837474059351575, 3.2529028260177273, 2.916669862959727, 2.251359567226228, 2.760435313028034, 2.3760308593834965, 1.945229952792485 },
{ 1.6734929234107245, 0.8351616565684316, 1.3579661310261761, 1.1641282622814952, 1.3004809159009452, 1.1143284030646359, 0.6354117560151626, 1.4582692009663545, 0.6525943423953207, 1.0061819784334052, 1.0981082694713185, 0.6623696676087958, 0.9879694990511861 },
{ 0.7693637618990884, 1.9025032241523872, 2.4510831253616714, 2.356708577571104, 1.489612863655709, 1.6570217888938659, 1.416623104632213, 2.5884309819082256, 1.5902544193427632, 1.7413985653975796, 1.779964800441387, 1.9620703344358748, 1.4226927038726986 },
{ 0.8123670380817947, 0.9879271063062383, 1.5063447153837421, 1.4554644012430724, 1.4820059922965252, 1.6283046556889962, 0.7917920319410228, 1.3323190422334097, 1.28283408901192, 1.2034474124894776, 2.309605550888819, 1.9014078246677637, 1.3884966578776712 }};

static data_t SB [P][N] = {
{ 1.3155109960874372, 1.6220773143738763, 1.5073672812228638, 1.7758818169929254, 2.046518540236437, 2.1267191772266245, 2.0944753068396817, 1.9327679122846897, 1.7274982661738005, 1.3666738848061726, 1.2812479257860978, 1.2401892148317222, 1.8886888219892435 },
{ 2.112032958722395, 1.3256737060742618, 2.699690369805363, 2.81532568762738, 1.9997961858311726, 2.349366948191718, 2.1789533900542777, 3.0011233604998155, 3.236149702808484, 2.9067953365722956, 2.5076810553494995, 3.107586533521824, 1.2513606154351997 },
{ 0.40988918661465124, 0.9411204097519741, 0.6994592379323574, 1.096303528575938, 1.5484238081986734, 1.2535598040995293, 1.1227458423110304, 1.3109224530176564, 1.0487030678904512, 0.8711360102284824, 1.0611843431583925, 1.028121534829505, 1.1565241430055269 },
{ 1.7523048264418137, 1.6914723176448905, 2.4610795419323757, 2.5448237696293616, 2.259457232220212, 3.1376318897754163, 2.29724391116607, 2.9569998886296593, 3.5134747628987686, 2.1696944001904717, 2.1622125021277525, 1.9599560459073946, 1.7063735652960452 },
{ 1.3580382025021067, 0.6292932847503243, 1.3110900534395216, 1.0500275573091957, 1.0198242266624657, 1.3110320221148888, 1.6844029414434751, 1.982716771331353, 1.527007397731361, 1.3779986418696386, 0.9213740166711158, 1.8335759391564252, 1.0262217094941424 },
{ 0.684357707791808, 1.5415359897677794, 1.4196309449496596, 1.1181493692476356, 1.6633373232326987, 1.6747383773292803, 0.9037141341033872, 1.969557918978706, 1.1835649612870907, 1.3617525497367873, 1.0795249994072509, 1.3808289912015683, 1.4900916007784806 },
{ 1.8126327714025756, 1.9113149219935492, 2.657280255134616, 2.5814461861875895, 2.6698711583947747, 4.1150880347460586, 1.665250943410591, 2.391291043923299, 2.6195930759300947, 1.6110387520687794, 1.83411562675649, 2.1581729109945296, 2.2852836393020213 },
{ 0.937245692851483, 1.0164409209472893, 1.5460571776027558, 0.9456276881038407, 1.5068318534542753, 0.9316262324126556, 0.62264665048371, 1.9442724240658567, 1.9863772642176731, 1.6555238028720858, 0.6489270584896815, 2.1322649487630665, 1.1708949105539401 },
{ 1.0297014699161045, 1.6587845105086263, 1.8885541931669063, 1.6755075331051643, 2.316396094938147, 1.725733871450475, 1.1593346386661427, 2.137169521516605, 1.8093875420306114, 1.767914659256871, 1.1977931077289155, 1.6840537860864255, 1.9184652259833015 },
{ 1.959548902296158, 1.7410973769668914, 2.630539984861219, 2.423768477449997, 1.7017122585030964, 3.4381637720303253, 2.9626894117216462, 2.7338620074889106, 2.448686827388644, 2.419721618408251, 2.0689345668378394, 2.1760457356117504, 2.5804254399852145 },
{ 0.9162165352467425, 0.8886484822509583, 0.6822917131419043, 0.6903424253356547, 0.8185865274280382, 0.8556917471313249, 1.217278964862727, 1.3137078228336547, 1.154251368671886, 0.9488507323546367, 1.097292599262989, 1.152657862700448, 0.9239474420468021 },
{ 1.1399316282670593, 1.4005191241751032, 1.854790698473192, 1.7183002512420704, 1.8380564712308904, 1.1801576937656155, 1.5628436949586664, 2.1771644286169596, 1.6987350381242141, 1.7567374199745842, 1.5501350845497919, 1.6206719482708536, 1.7259102784650406 },
{ 0.7224176476019902, 1.47033092977937, 2.2078620952475694, 2.0643131293228962, 1.677568022476453, 2.603126862020569, 1.2433670923659226, 1.4042853052332163, 1.9194226720445, 1.090402435154978, 1.379792418131459, 1.5082144060739542, 1.5858792673095805 }};

static data_t S_dense [P][M] = {
{ 0.0, 0.0, 0.0, 0.0, 0.0, 0.0, 0.0, 0.0, 0.8748283395885676, 0.0, 0.0, 0.8449655543583962, 0.27140108109435623, 0.0, 0.5828469868675222, 0.0, 0.0, 0.0, 0.0, 0.5358752290923771, 0.1500693254514368, 0.49639843610286405 },
{ 0.8471182575232601, 0.0, 0.0, 0.0, 0.346432068170782, 0.6528361538962667, 0.22159084873435342, 0.0, 0.0, 0.0, 0.0, 0.0, 0.9710564760345708, 0.5968498291862766, 0.7265749547818909, 0.27352213611415455, 0.0, 0.0, 0.0, 0.0, 0.16641579584753585, 0.0 },
{ 0.0, 0.9800561758471669, 0.0, 0.0, 0.0, 0.0, 0.0, 0.0, 0.0, 0.0, 0.0, 0.0, 0.0, 0.32313182633089843, 0.0, 0.0, 0.0, 0.0, 0.0, 0.0, 0.0, 0.9223674270570047 },
{ 0.0, 0.0, 0.0, 0.716395437985326, 0.08075776611436825, 0.8976482027007134, 0.0, 0.9383462521840378, 0.7075577407782578, 0.0, 0.0, 0.0, 0.0, 0.0, 0.0, 0.0, 0.7873823435432241, 0.0, 0.0, 0.0, 0.028248469815121857, 0.9471344241043114 },
{ 0.0, 0.0, 0.0, 0.0, 0.0, 0.8530500810987948, 0.0, 0.0, 0.0, 0.05172774763795773, 0.0, 0.09336388963384468, 0.5698151463375574, 0.0, 0.0, 0.0, 0.16833317051595065, 0.0, 0.0, 0.0, 0.7993078763854651, 0.0 },
{ 0.0, 0.0, 0.0, 0.0, 0.0, 0.0, 0.0, 0.8134799574627438, 0.0, 0.27937840686176996, 0.18806709164093227, 0.0, 0.0, 0.0, 0.0, 0.0, 0.0, 0.0, 0.562021667538838, 0.0, 0.2742062679268997, 0.679730688382528 },
{ 0.22377622046202372, 0.0, 0.0, 0.780451563936992, 0.0, 0.0, 0.0, 0.0, 0.0, 0.0, 0.9339784690684201, 0.5822922799378312, 0.0, 0.9983121824888201, 0.0, 0.0, 0.0, 0.6548726664833866, 0.0, 0.0, 0.0, 0.49539879285006316 },
{ 0.0, 0.0, 0.0, 0.0, 0.0, 0.3177351693195437, 0.0, 0.0, 0.0, 0.0, 0.0, 0.0, 0.820072407666541, 0.0, 0.0, 0.0, 0.0, 0.0, 0.8145814005075266, 0.4482067962468117, 0.0, 0.0 },
{ 0.0, 0.16259449412447424, 0.0, 0.0, 0.0, 0.0, 0.06198352595882972, 0.0, 0.0, 0.0, 0.0, 0.7309729824228512, 0.5375937541499178, 0.09740293681370615, 0.5593526359348356, 0.0, 0.0, 0.018453961937509145, 0.5047006229320363, 0.6740711579503128, 0.0, 0.0 },
{ 0.0, 0.0, 0.6705847671817016, 0.0, 0.0, 0.42009002174489196, 0.6118561284676479, 0.0, 0.3556461177030753, 0.0, 0.5539532051708731, 0.6615896090367922, 0.0, 0.8673086748148433, 0.7572765385630016, 0.0, 0.0, 0.0, 0.0, 0.0, 0.0, 0.0 },
{ 0.0, 0.0, 0.0, 0.0, 0.8975398082759839, 0.0, 0.0, 0.0, 0.5149845601338316, 0.0, 0.29509538037914584, 0.0, 0.0, 0.0, 0.27057643614008964, 0.0, 0.14640214494118642, 0.0, 0.0, 0.0, 0.0, 0.0 },
{ 0.0, 0.8941042800089074, 0.0, 0.3574780716284769, 0.0, 0.0, 0.5948893851361843, 0.0, 0.0, 0.0, 0.0, 0.0, 0.6913518084001743, 0.1734221930364619, 0.8263123641118779, 0.0, 0.0, 0.0, 0.0, 0.0, 0.0, 0.0 },
{ 0.12308015078110601, 0.0, 0.0, 0.3139926006362993, 0.0, 0.2594559557043278, 0.0, 0.0, 0.0, 0.0, 0.0, 0.7240668346551609, 0.0, 0.5876456716012868, 0.32722385825201916, 0.02778957546183025, 0.0, 0.7405557917120639, 0.0, 0.0, 0.0, 0.0 }};

