#define M 10
#define K 8
#define N 8
#define P 8

typedef float data_t;

static int S_cptr [11] = { 
0, 2, 7, 11, 14, 15, 19, 19, 21, 22,
24 };

static int S_ind [24] = { 
0, 7, 0, 1, 2, 4, 6, 0, 1, 2,
7, 0, 5, 6, 1, 1, 2, 3, 7, 1,
2, 7, 3, 6 };

static data_t S_data [24] = { 
0.08718895776907842, 0.23088897607761072, 0.09283576092020607, 0.18113461949145282, 0.8243978864713519, 0.2909060499049816, 0.4712285208184357, 0.5583609398736831, 0.03741432552587698, 0.6773225728645782,
0.3371830129225958, 0.547451994265425, 0.9307328117896319, 0.7625676407511472, 0.9194588405793022, 0.04229425920530394, 0.09216155444637808, 0.43486904402576665, 0.2950347684937822, 0.8767366158967473,
0.24710621485170137, 0.8395986894428136, 0.7080004963604313, 0.5496035721928815 };

static data_t A [M][K] = {
{ 0.16997806535998095, 0.17369504280710413, 0.31082173186021167, 0.8752429712437806, 0.9360365668812162, 0.9641103678211019, 0.08734241793398767, 0.9526826898944523 },
{ 0.4807261825676643, 0.5564746728991539, 0.5119200202015534, 0.6501410963372981, 0.21650579252113733, 0.033084131815175444, 0.8667455921337277, 0.5113648554633992 },
{ 0.6853947619072399, 0.3032864047018218, 0.5223833109109897, 0.8459966065888531, 0.24402468018154178, 0.3034620268213919, 0.3316432355094272, 0.09218009911458125 },
{ 0.46522048485444567, 0.5297171624715179, 0.5250115424035904, 0.35838250192561416, 0.9852282065246574, 0.399916125580989, 0.4251231266345449, 0.5089841571804199 },
{ 0.9844268709008568, 0.10458255290211638, 0.2872668096020221, 0.6125469116769674, 0.22928119406657466, 0.7016280637442257, 0.12951964593214138, 0.9554999724567157 },
{ 0.7359567372650994, 0.5554907967388246, 0.7781023647191376, 0.6371697392880824, 0.3617655885052904, 0.017431738025339705, 0.8802856268882491, 0.3297084872339541 },
{ 0.2428592023986763, 0.18906763119943215, 0.11074225883375488, 0.3863699181392961, 0.7834616979348613, 0.7757924629392321, 0.7922497937032351, 0.2565211645941239 },
{ 0.021038888946132595, 0.06614419429332019, 0.1834867633846683, 0.1651371004466743, 0.7369854367942091, 0.39268530333072105, 0.9801164504343215, 0.1161939736061528 },
{ 0.5419393787116473, 0.6081995132155213, 0.372473074883521, 0.62126834405086, 0.48862244810053823, 0.08014574119680196, 0.6199346035033273, 0.19407437772410252 },
{ 0.8579440036157902, 0.052259078190253216, 0.576371680411058, 0.4121268551519114, 0.4464754205336464, 0.11543055117167522, 0.68411112169736, 0.3161054338112096 }};

static data_t B [M][N] = {
{ 0.2127134128976772, 0.26455741112317843, 0.4664218577764967, 0.2844504293561826, 0.6204916763754671, 0.3813201097965341, 0.797478399876908, 0.9153650714401338 },
{ 0.9972445564458138, 0.17155247092798986, 0.1485236779564515, 0.9545717067225004, 0.8549167723244763, 0.434401894005771, 0.5266523007101843, 0.23203252962824494 },
{ 0.861995057876245, 0.42459573162508846, 0.3247753981998569, 0.09477118692096542, 0.768115476220555, 0.157414062494877, 0.8876507565778886, 0.22407349066951399 },
{ 0.757113305409546, 0.5904741849756471, 0.28458298991965614, 0.7067552045293051, 0.4079795432491724, 0.13701485432992655, 0.04986395381197639, 0.33170937777487475 },
{ 0.31083904194525247, 0.08816210091874555, 0.46134440361817985, 0.40812385587362476, 0.31649635587548886, 0.21809269541483256, 0.8780422191159268, 0.44079746302266376 },
{ 0.9045902771315141, 0.9515170172325563, 0.9744557347243931, 0.6054651408254037, 0.16222463774207274, 0.8871748407157419, 0.8641929664041849, 0.056858281092209806 },
{ 0.8024365357436598, 0.12844837552774246, 0.653360578763848, 0.6851674080637312, 0.13771839107602446, 0.45620700143021475, 0.6738238887646352, 0.7201869741002481 },
{ 0.4593431464151204, 0.5187300776707033, 0.6634360198099928, 0.4142271059544892, 0.3372399562256322, 0.7924142376253598, 0.060121115979638096, 0.7687856663551127 },
{ 0.07144867595683702, 0.9978629718618381, 0.4231071542910416, 0.5157029625934706, 0.226089601392785, 0.32468146472450765, 0.29183382126611057, 0.9697299595734783 },
{ 0.8919681903298498, 0.32835407819868967, 0.3075046492618414, 0.45847703061158585, 0.20556209432923633, 0.305434072602877, 0.7332456403672065, 0.0622170785725511 }};

static data_t X [K][N] = {
{ -4.943823739769969, 5.003496346775167, 4.992555126583818, -1.7426223334948456, -5.458133901592416, 3.1417063189954457, 1.495599473236159, 2.5386301599492147 },
{ -4.703622965294021, 5.343420655342898, 5.425242138134109, -1.2938094419312327, -4.851711233756571, 3.6197901814739897, 0.692907611377815, 2.2875840784131682 },
{ 4.8988145002974255, -2.8183418645968485, -1.880824595496674, 0.8397288795783738, 3.0861245809855107, -1.2029308801430547, 0.14301626247366217, -3.794667880388365 },
{ 2.788658543737178, -3.2164596866921347, -4.151268337900264, 1.0620747219072515, 4.210468482993508, -2.819563249477935, -0.24235554110462687, -0.28700355279056494 },
{ 1.4986525090872802, -1.6270172924781432, -2.8959843147157134, 0.9493448321726924, 1.9949900647745247, -2.203729467311805, -1.1411274293606244, 0.08988473519342116 },
{ -1.7279274462411771, 2.65520582226415, 4.1384837366639005, -1.3987204560965423, -2.213266272673256, 2.7834430367964536, 0.9941247491223456, 0.7127871677768332 },
{ 0.4680661697181495, -0.01850744921976122, 0.2857383939814011, 0.5062503840869622, 0.4297465933446811, 0.6556235967241837, -0.008212333645721631, 0.37750855234818115 },
{ 1.950662253050013, -2.723817414426179, -2.672024605069205, 1.552398693290286, 2.2101785556568108, -1.6124069952369362, -0.5324294400740712, -0.9825140978016188 }};

static data_t SA [P][K] = {
{ 0.696832336964996, 0.5261430384152966, 0.6537217598143692, 0.8052365416153353, 0.7773305289394639, 0.4755073916963107, 0.5059914131248923, 0.46065051495852954 },
{ 1.0674320355549527, 0.28978854605088433, 0.5701798920999772, 0.8843574904602962, 0.9206040594217058, 1.007483481092958, 1.185028832896684, 1.0904339190278678 },
{ 0.9335687495669408, 0.73171880895473, 0.8928996338905741, 1.2085165013800465, 0.5592249026551495, 0.3314576841245991, 1.26249404172332, 0.5431024676629945 },
{ 0.9274695831882311, 0.278565205040962, 0.7464440673187247, 0.5688714134173722, 0.47342547498526844, 0.0893054107754913, 0.8671599827619378, 0.36718281869117714 },
{ 0.13984615485666024, 0.16188184896525956, 0.14892063094411226, 0.18912997821637748, 0.06298284488387157, 0.009624374100888417, 0.252141536480177, 0.14875913016308928 },
{ 0.43299596997071405, 0.4930251440803411, 0.4886454690833052, 0.33355835371343, 0.9169842189131505, 0.3722150600420094, 0.3956760430093697, 0.47372825576890815 },
{ 1.0528230646233139, 0.694893679887359, 0.95836406161948, 0.8061623179183188, 1.0987113394309618, 0.3839943261446075, 1.10861029927528, 0.8028372279715559 },
{ 0.942493950052067, 0.8168999071310856, 0.790199246649637, 1.1969429521610357, 0.8153816951007173, 0.3973579242292655, 0.9122020135884101, 0.5112655547406428 }};

static data_t SB [P][N] = {
{ 1.0069137776088264, 0.599326631025965, 0.39159256627025973, 0.5532504023981867, 0.785701765455042, 0.23647785245563402, 0.6413511092841684, 0.40805948823376686 },
{ 0.9396721134615318, 0.6230548377840249, 1.0861137571224289, 0.9404806409398265, 0.7771307079860638, 1.0173629993762874, 1.0251902843137641, 1.1321351291151858 },
{ 1.6028500073325107, 0.6448904812368659, 0.5961668334130085, 1.0092962624490716, 1.3233384946874949, 0.7423139963518854, 1.1298986063891006, 0.5382690238430108 },
{ 1.0248922305424342, 0.6462601460048149, 0.6414740781155469, 0.5879000122245289, 0.21608453795031057, 0.6020523498739914, 0.8949490464880838, 0.06877562885497973 },
{ 0.29010447470489714, 0.04990565166910072, 0.04320643647167089, 0.27769068455369916, 0.24870046123442988, 0.12637013905646136, 0.15320634047297024, 0.06749966664361334 },
{ 0.704670195587169, 0.5495736984715752, 0.26487072639542203, 0.6578002587585164, 0.37971994744095194, 0.12752422062743934, 0.046410017938369116, 0.3087328018733984 },
{ 1.5375090880033637, 0.7115814976015806, 0.45600802599109924, 1.240750676072993, 0.8269508251663847, 0.47705331353926167, 0.6891926455068828, 0.3964859119781743 },
{ 0.6666370705320255, 1.3227849041472073, 0.8599389467888825, 0.7092485019128798, 0.6399466198337835, 0.675469513590279, 0.983419993364673, 1.1178606517523708 }};

static data_t S_dense [P][M] = {
{ 0.08718895776907842, 0.09283576092020607, 0.5583609398736831, 0.547451994265425, 0.0, 0.0, 0.0, 0.0, 0.0, 0.0 },
{ 0.0, 0.18113461949145282, 0.03741432552587698, 0.0, 0.9194588405793022, 0.04229425920530394, 0.0, 0.8767366158967473, 0.0, 0.0 },
{ 0.0, 0.8243978864713519, 0.6773225728645782, 0.0, 0.0, 0.09216155444637808, 0.0, 0.24710621485170137, 0.0, 0.0 },
{ 0.0, 0.0, 0.0, 0.0, 0.0, 0.43486904402576665, 0.0, 0.0, 0.0, 0.7080004963604313 },
{ 0.0, 0.2909060499049816, 0.0, 0.0, 0.0, 0.0, 0.0, 0.0, 0.0, 0.0 },
{ 0.0, 0.0, 0.0, 0.9307328117896319, 0.0, 0.0, 0.0, 0.0, 0.0, 0.0 },
{ 0.0, 0.4712285208184357, 0.0, 0.7625676407511472, 0.0, 0.0, 0.0, 0.0, 0.0, 0.5496035721928815 },
{ 0.23088897607761072, 0.0, 0.3371830129225958, 0.0, 0.0, 0.2950347684937822, 0.0, 0.0, 0.8395986894428136, 0.0 }};

